78,71,78,71,71,24,71,71,78,71,71,60,60,55,55,55,55,55,55,55,55,46,46,43,46,46,46,43,46,46,46,43,46,46,46,46,50,50,51,50,50,46,50,46,46,46,50,50,51,51,51,51,51,50,50,48,48,42,42,42,48,48,50,50,50,48,50,48,50,50,50,50,50,50,51,51,51,51,51,51,51,50,51,51,51,50,50,49,49,49,50,49,50,50,51,50,51,50,51,50


78,71,78,71,71,24,71,71,78,71,71,60,60,55,55,55,55,55,55,55,55,46,46,43,46,46,46,43,46,46,46,43,46,46,46,46,50,50,51,50,50,46,50,46,46,46,50,50,51,51,51,51,51,50,50,48,48,47,47,47,48,48,50,50,50,48,50,48,50,50,50,50,50,50,51,51,51,51,51,51,51,50,51,51,51,50,50,49,49,49,50,49,50,50,51,50,51,50,51,50

6331
2793
1640
9290
225
625
6195
2303
5685
1354
4292
7600
6447
4479
9046
7293
5147
1260
1386
6193
4135
3611
8583
1446
3480
2022
961
7123
7262
2261
8380
2123
1286
1274
1369
831

"([78], buffer size: 20,[], buffer size: 20)
([78], buffer size: 20,[71], buffer size: 20)
([78,99], buffer size: 20,[71], buffer size: 20)
([78,99], buffer size: 20,[71,9], buffer size: 20)
([78,99], buffer size: 20,[71,24,9], buffer size: 20)
([71,78,99], buffer size: 20,[24,11,9], buffer size: 20)
([71,78,99,94], buffer size: 20,[24,11,9], buffer size: 20)
([78,94,96,99], buffer size: 20,[71,24,9,11], buffer size: 20)
([78,90,94,99,96], buffer size: 20,[71,24,9,11], buffer size: 20)
([78,90,94,99,96], buffer size: 20,[71,24,14,11,9], buffer size: 20)
([78,90,94,99,96], buffer size: 20,[71,27,24,11,9,14], buffer size: 20)
([71,78,90,99,96,94], buffer size: 20,[60,27,24,11,9,14], buffer size: 20)
([71,78,90,99,96,94], buffer size: 20,[60,55,24,27,9,14,11], buffer size: 20)
([60,71,90,78,96,94,99], buffer size: 20,[55,46,24,27,9,14,11], buffer size: 20)
([60,71,90,78,96,94,99], buffer size: 20,[55,46,24,29,9,14,11,27], buffer size: 20)
([60,71,90,74,96,94,99,78], buffer size: 20,[55,46,24,29,9,14,11,27], buffer size: 20)
([60,71,90,74,96,94,99,78], buffer size: 20,[55,46,24,29,10,14,11,27,9], buffer size: 20)
([60,67,71,74,90,94,99,78,96], buffer size: 20,[55,46,24,29,10,14,11,27,9], buffer size: 20)
([60,67,71,74,90,94,99,78,96], buffer size: 20,[55,46,24,29,10,14,11,27,9,8], buffer size: 20)
([60,67,71,74,90,94,99,78,96,97], buffer size: 20,[55,46,24,29,10,14,11,27,9,8], buffer size: 20)
([60,67,71,74,90,94,99,78,96,97], buffer size: 20,[55,46,30,29,10,24,11,27,9,8,14], buffer size: 20)
([55,60,67,74,90,71,99,78,96,97,94], buffer size: 20,[46,29,30,27,10,24,11,18,9,8,14], buffer size: 20)
([55,60,67,74,90,71,99,78,96,97,94], buffer size: 20,[46,29,30,27,10,24,11,18,9,8,14,2], buffer size: 20)
([46,55,60,74,90,67,99,78,96,97,94,71], buffer size: 20,[43,29,30,18,10,24,27,11,9,8,14,2], buffer size: 20)
([46,55,60,56,90,67,74,78,96,97,94,71,99], buffer size: 20,[43,29,30,18,10,24,27,11,9,8,14,2], buffer size: 20)
([55,56,60,78,90,67,74,98,96,97,94,71,99], buffer size: 20,[46,43,30,29,10,24,18,11,9,8,14,2,27], buffer size: 20)
([55,56,60,78,90,67,74,98,96,97,94,71,99], buffer size: 20,[46,43,30,29,10,24,18,11,9,8,14,2,27,4], buffer size: 20)
([46,55,60,56,90,67,78,98,96,97,94,71,99,74], buffer size: 20,[43,33,30,29,10,24,18,11,9,8,14,2,27,4], buffer size: 20)
([46,55,60,56,90,67,78,76,96,97,94,71,99,74,98], buffer size: 20,[43,33,30,29,10,24,18,11,9,8,14,2,27,4], buffer size: 20)
([55,56,60,76,90,67,78,86,96,97,94,71,99,74,98], buffer size: 20,[46,43,30,33,10,24,18,29,9,8,14,2,27,4,11], buffer size: 20)
([55,56,60,76,90,67,78,86,96,97,94,71,99,74,98], buffer size: 20,[46,43,30,33,10,24,18,29,9,8,14,2,27,4,11,19], buffer size: 2
0)
([46,55,60,56,90,67,78,76,96,97,94,71,99,74,98,86], buffer size: 20,[43,33,41,29,30,24,18,19,10,8,14,2,27,4,11,9], buffer size
: 20)
([46,55,60,56,90,67,78,76,92,97,94,71,99,74,98,86,96], buffer size: 20,[43,33,41,29,30,24,18,19,10,8,14,2,27,4,11,9], buffer s

"([78], y
([78], y
([78,99], y
([78,99], y
([78,99], y
([71,78,99], y
([71,78,99,94], y
([78,94,96,99], y
([78,90,94,99,96], y
([78,90,94,99,96], y
([78,90,94,99,96], y
([71,78,90,99,96,94], y
([71,78,90,99,96,94], y
([60,71,90,78,96,94,99], y
([60,71,90,78,96,94,99], y
([60,71,90,74,96,94,99,78], y
([60,71,90,74,96,94,99,78], y
([60,67,71,74,90,94,99,78,96], y
([60,67,71,74,90,94,99,78,96], y
([60,67,71,74,90,94,99,78,96], y
([60,67,71,74,90,94,99,78,96,97], y
([60,67,71,74,90,94,99,78,96,97], y
([55,60,67,74,90,71,99,78,96,97,94], y
([55,60,67,74,90,71,99,78,96,97,94], y
([46,55,60,74,90,67,99,78,96,97,94,71], y
([46,55,60,56,90,67,74,78,96,97,94,71,99], y
([55,56,60,78,90,67,74,98,96,97,94,71,99], y
([55,56,60,78,90,67,74,98,96,97,94,71,99], y
([46,55,60,56,90,67,78,98,96,97,94,71,99,74], y
([46,55,60,56,90,67,78,76,96,97,94,71,99,74,98], y
([55,56,60,76,90,67,78,86,96,97,94,71,99,74,98], y
([55,56,60,76,90,67,78,86,96,97,94,71,99,74,98], y
0)
([46,55,60,56,90,67,78,76,96,97,94,71,99,74,98,86], t
: 20)
([46,55,60,56,90,67,78,76,92,97,94,71,99,74,98,86,96], f
ize: 20)
([55,56,60,76,89,67,78,86,90,97,94,71,99,74,98,92,96], f
r size: 20)
([55,56,60,76,89,67,78,86,90,97,94,71,99,74,98,92,96], f
ffer size: 20)
([50,55,56,76,60,67,78,86,89,97,94,71,99,74,98,92,96,90], f

([50,51,55,76,56,67,78,86,89,60,94,71,99,74,98,92,96,90,97], f
0],
([51,56,55,76,60,67,78,86,89,62,94,71,99,74,98,92,96,90,97], f
30,8],
([51,56,55,76,60,67,78,86,89,62,94,71,99,74,98,92,96,90,97,93], f
10,30,8],
([51,56,55,76,60,67,78,86,89,62,94,71,99,74,98,92,96,90,97,93], f
10,30,8,22],
([51,56,55,76,60,67,78,86,89,62,94,71,99,74,98,92,96,90,97,93], f
10,30,8,22,13],
([50,51,56,76,60,55,78,86,89,62,67,71,99,74,98,92,96,90,97,93,94], f
,9,10,30,8,14,13],
([50,51,56,76,60,55,78,86,89,62,67,71,99,74,98,92,96,90,97,93,94,84], f
,11,9,10,30,8,14,13],
([50,51,56,76,60,55,78,86,89,62,67,71,99,74,98,92,96,90,97,93,94,84], f
,11,9,10,30,8,14,13,24],
([50,51,56,76,60,55,78,86,89,62,67,71,99,74,98,92,96,90,97,93,94,84], f
4,11,9,10,30,8,14,13,24,2],
([50,51,56,76,60,55,78,86,89,62,67,71,99,74,98,92,96,90,97,93,94,84,73],
27,4,11,9,10,30,8,14,13,24,2],
([50,51,54,76,60,56,78,86,89,62,67,55,99,74,98,92,96,90,97,93,94,84,73,71],
31,27,4,11,9,10,30,8,14,13,24,2],
([51,60,54,64,62,56,76,86,89,93,67,55,78,74,98,92,96,90,97,99,94,84,73,71],
43,27,4,11,9,10,30,8,14,13,24,2,31],
([51,58,54,60,62,56,64,86,89,93,67,55,76,74,98,92,96,90,97,99,94,84,73,71,78],
32,43,27,4,11,9,10,30,8,14,13,24,2,31],
([54,58,56,60,62,55,64,86,89,93,67,71,76,74,98,92,96,90,97,99,94,84,73,83,78],
32,43,18,4,11,9,10,30,8,14,13,24,2,31,27],
([54,58,56,60,62,55,64,86,89,93,67,71,76,74,98,92,96,90,97,99,94,84,73,83,78],
32,43,29,4,11,9,10,30,8,14,13,24,2,31,27,18],
([54,58,56,60,62,55,64,86,89,93,67,71,76,74,98,92,96,90,97,99,94,84,73,83,78,79],
22,32,43,29,4,11,9,10,30,8,14,13,24,2,31,27,18],
([54,58,56,60,62,55,64,86,89,93,67,71,76,74,98,92,96,90,97,99,94,84,73,83,78,79],
22,32,43,29,7,11,9,10,30,8,14,13,24,2,31,27,18,4],
([51,54,56,58,62,55,60,86,89,93,67,71,76,64,98,92,96,90,97,99,94,84,73,83,78,79,74],
30,22,32,43,29,46,11,9,10,7,8,14,13,24,2,31,27,18,4],
([51,54,56,58,62,55,60,86,89,93,67,71,76,64,98,92,96,90,97,99,94,84,73,83,78,79,74],
30,22,32,43,29,46,11,9,10,7,8,14,13,24,2,31,27,18,4,17],
([50,51,56,54,62,55,58,86,89,93,67,71,76,60,98,92,96,90,97,99,94,84,73,83,78,79,74,64],
34,30,22,24,43,29,46,19,9,10,7,8,14,13,11,2,31,27,18,4,17],
([50,51,56,54,62,55,58,86,89,93,67,71,76,60,98,92,96,90,97,99,94,84,73,83,78,79,74,64],
35,30,22,24,43,29,46,34,9,10,7,8,14,13,11,2,31,27,18,4,17,19],
([48,50,56,51,62,55,58,54,89,93,67,71,76,60,86,92,96,90,97,99,94,84,73,83,78,79,74,64,98],
47,34,30,22,24,43,29,46,35,9,10,7,8,14,13,11,2,31,27,18,4,17,19],
([48,50,56,51,62,55,58,54,89,93,67,71,76,60,86,92,96,90,97,99,94,84,73,83,78,79,74,64,98],
47,34,30,22,24,43,29,46,35,9,10,7,8,14,13,11,2,31,27,18,4,17,19,5],
([48,50,56,51,62,55,58,54,89,93,67,71,76,60,86,92,96,90,97,99,94,84,73,83,78,79,74,64,98,100],
,45,47,34,30,22,24,43,29,46,35,9,10,7,8,14,13,11,2,31,27,18,4,17,19,5],
([48,50,56,51,62,55,58,54,89,93,67,71,76,60,86,92,96,90,97,99,94,84,73,83,78,79,74,64,98,100,95],
,32,45,47,34,30,22,24,43,29,46,35,9,10,7,8,14,13,11,2,31,27,18,4,17,19,5],
([50,51,56,54,62,55,58,59,89,93,67,71,76,60,86,92,96,90,97,99,94,84,73,83,78,79,74,64,98,100,95],
,32,45,47,40,30,22,24,43,29,46,35,34,10,7,8,14,13,11,2,31,27,18,4,17,19,5,9],
([50,51,56,54,62,55,58,59,89,93,67,71,76,60,86,82,96,90,97,99,94,84,73,83,78,79,74,64,98,100,95,92],
,41,32,45,47,40,30,22,24,43,29,46,35,34,10,7,8,14,13,11,2,31,27,18,4,17,19,5,9],
([51,54,56,59,62,55,58,82,75,93,67,71,76,60,86,92,89,90,97,99,94,84,73,83,78,79,74,64,98,100,95,96],
,42,32,45,47,41,30,22,24,43,29,46,35,40,10,7,8,14,13,11,2,31,27,18,4,17,19,5,9,34],
([51,54,56,59,62,55,58,82,75,93,67,71,76,60,86,92,89,90,97,99,94,84,73,83,78,79,74,64,98,100,95,96],
,42,33,45,47,41,32,22,24,43,29,46,35,40,30,7,8,14,13,11,2,31,27,18,4,17,19,5,9,34,10],
([50,51,54,59,56,55,58,82,62,93,67,71,76,60,86,92,75,90,97,99,94,84,73,83,78,79,74,64,98,100,95,96,89],
,39,41,38,45,47,40,33,22,24,43,29,46,35,34,32,7,8,14,13,11,2,31,27,18,4,17,19,5,9,30,10],
([50,51,54,59,56,55,58,82,62,93,67,71,76,60,86,92,68,90,97,99,94,84,73,83,78,79,74,64,98,100,95,96,89,75],
,42,39,41,38,45,47,40,33,22,24,43,29,46,35,34,32,7,8,14,13,11,2,31,27,18,4,17,19,5,9,30,10],
([50,51,54,59,56,55,58,82,62,93,67,71,76,60,86,92,68,90,97,99,94,84,73,83,78,79,74,64,98,100,95,96,89,75],
,42,39,41,38,45,47,40,33,22,24,43,29,46,35,34,32,7,8,14,13,11,2,31,27,18,4,17,19,5,9,30,10,1],
([50,51,54,59,56,55,58,82,62,93,67,71,76,60,86,92,68,88,97,99,94,84,73,83,78,79,74,64,98,100,95,96,89,75,90],
[48,42,39,41,38,45,47,40,33,22,24,43,29,46,35,34,32,7,8,14,13,11,2,31,27,18,4,17,19,5,9,30,10,1],
([51,56,54,59,67,55,58,82,62,93,73,71,76,60,86,92,68,80,97,99,94,84,88,83,78,79,74,64,98,100,95,96,89,75,90],
[50,48,42,41,39,45,47,40,38,22,24,43,29,46,35,34,32,33,8,14,13,11,2,31,27,18,4,17,19,5,9,30,10,1,7],
([51,56,54,59,67,55,58,82,62,93,73,71,76,60,86,92,68,80,97,99,94,84,88,83,78,79,74,64,98,100,95,96,89,75,90],
[50,48,42,41,39,45,47,40,38,22,24,43,29,46,35,34,32,36,8,14,13,11,2,31,27,18,4,17,19,5,9,30,10,1,7,33],
([51,56,54,59,57,55,58,82,67,93,73,71,76,60,86,92,68,62,97,99,94,84,88,83,78,79,74,64,98,100,95,96,89,75,90,80],
40,[50,48,42,41,39,45,47,40,38,22,24,43,29,46,35,34,32,36,8,14,13,11,2,31,27,18,4,17,19,5,9,30,10,1,7,33],
([51,56,54,59,57,55,58,82,67,93,73,71,76,60,86,92,68,62,97,99,94,84,88,83,78,79,74,64,98,100,95,96,89,75,90,80],
40,[50,48,42,41,39,45,47,40,38,22,24,43,29,46,35,34,32,36,15,14,13,11,2,31,27,18,4,17,19,5,9,30,10,1,7,33,8],
([51,56,54,59,57,55,58,82,67,69,73,71,76,60,86,92,68,62,93,99,94,84,88,83,78,79,74,64,98,100,95,96,89,75,90,80,97],
e: 40,[50,48,42,41,39,45,47,40,38,22,24,43,29,46,35,34,32,36,15,14,13,11,2,31,27,18,4,17,19,5,9,30,10,1,7,33,8],
40)
([51,56,54,59,57,55,58,82,67,69,73,71,76,60,86,92,68,62,91,99,94,84,88,83,78,79,74,64,98,100,95,96,89,75,90,80,97,93],
size: 40,[50,48,42,41,39,45,47,40,38,22,24,43,29,46,35,34,32,36,15,14,13,11,2,31,27,18,4,17,19,5,9,30,10,1,7,33,8],
e: 40)
([54,56,55,59,57,71,58,82,67,69,73,78,76,60,86,92,68,62,91,81,94,84,88,83,99,79,74,64,98,100,95,96,89,75,90,80,97,93],
size: 40,[51,50,48,41,42,45,47,40,38,39,24,43,29,46,35,34,32,36,22,14,13,11,2,31,27,18,4,17,19,5,9,30,10,1,7,33,8,15],
size: 40)
([54,56,55,59,57,71,58,82,67,69,73,78,76,60,86,92,68,62,91,81,94,84,88,83,99,79,74,64,98,100,95,96,89,75,90,80,97,93],
size: 40,[51,50,48,41,42,45,47,40,38,39,24,43,29,46,35,34,32,36,22,28,13,11,2,31,27,18,4,17,19,5,9,30,10,1,7,33,8,15,14],
er size: 40)
([54,56,55,59,57,71,58,82,67,65,73,78,76,60,86,92,68,62,91,69,94,84,88,83,99,79,74,64,98,100,95,96,89,75,90,80,97,93,81],
er size: 40,[51,50,48,41,42,45,47,40,38,39,24,43,29,46,35,34,32,36,22,28,13,11,2,31,27,18,4,17,19,5,9,30,10,1,7,33,8,15,14],
uffer size: 40)
([54,56,55,59,57,71,58,82,67,65,73,78,76,60,86,92,68,62,91,69,94,84,88,83,99,79,74,64,98,100,95,96,89,75,90,80,97,93,81],
er size: 40,[51,50,48,41,42,45,47,40,38,39,24,43,29,46,35,34,32,36,22,28,13,11,2,31,27,18,4,17,19,5,9,30,10,1,7,33,8,15,14,23]
,
([54,56,55,59,57,71,58,82,67,65,73,78,76,60,86,92,68,62,91,69,94,84,88,83,99,79,74,64,98,100,95,96,89,75,90,80,97,93,81,77],
uffer size: 40,[51,50,48,41,42,45,47,40,38,39,24,43,29,46,35,34,32,36,22,28,13,11,2,31,27,18,4,17,19,5,9,30,10,1,7,33,8,15,14,
23],
([54,56,55,59,57,71,58,82,67,65,73,78,76,60,86,92,68,62,91,69,94,84,88,83,99,79,74,64,98,100,95,96,89,75,90,80,97,93,81,77],
uffer size: 40,[51,50,48,41,42,45,47,40,38,39,24,43,29,46,35,34,32,36,22,28,16,11,2,31,27,18,4,17,19,5,9,30,10,1,7,33,8,15,14,
23,13],
([51,54,56,59,57,55,58,82,67,65,71,78,76,60,86,92,68,62,91,69,73,84,88,83,99,79,74,64,98,100,95,96,89,75,90,80,97,93,81,77,94]
,
14,16,13],
([51,54,56,59,57,55,58,82,67,65,70,78,76,60,86,92,68,62,91,69,71,84,88,83,99,79,74,64,98,100,95,96,89,75,90,80,97,93,81,77,94,
73],
15,14,16,13],
([53,57,54,59,55,56,58,82,67,65,70,78,76,60,86,92,68,62,91,69,71,84,88,83,99,79,74,64,98,100,95,96,89,75,90,80,97,93,81,77,94,
73],
15,14,16,13,24],
([53,57,54,59,55,56,58,82,67,65,70,78,76,60,86,92,68,62,91,69,71,84,88,83,99,79,74,64,98,100,95,96,89,75,90,80,97,93,81,77,94,
73],
15,14,16,13,24,11],
([51,53,57,59,55,54,58,82,67,65,56,78,76,60,86,92,68,62,91,69,71,70,88,83,99,79,74,64,98,100,95,96,89,75,90,80,97,93,81,77,94,
73,84],
,8,15,14,16,13,24,11],
([51,53,57,59,55,54,58,82,67,65,56,78,76,60,86,92,68,62,91,69,71,70,88,83,99,79,74,64,98,100,95,96,89,75,90,80,97,93,81,77,94,
73,84],
,8,15,14,16,13,24,11,44],
([50,51,53,59,55,57,58,82,67,65,54,78,76,60,86,92,68,62,91,69,71,56,88,83,99,79,74,64,98,100,95,96,89,75,90,80,97,93,81,77,94,
73,84,70],
,2,8,15,14,16,13,24,11,44],
([50,51,53,59,55,57,58,82,67,65,54,78,76,60,86,92,68,62,91,69,71,56,88,83,99,79,74,64,98,100,95,96,89,75,90,80,97,93,81,77,94,
73,84,70],
7,2,8,15,14,16,13,24,11,44,6],
([50,51,53,59,55,57,58,82,67,65,54,78,76,60,86,92,68,62,91,69,71,56,87,83,99,79,74,64,98,100,95,96,89,75,90,80,97,93,81,77,94,
73,84,70,88],
,1,7,2,8,15,14,16,13,24,11,44,6],
([50,51,53,59,55,57,58,82,67,65,54,63,76,60,86,92,68,62,91,69,71,56,78,83,99,79,74,64,98,100,95,96,89,75,90,80,97,93,81,77,94,
73,84,70,88,87],
,10,1,7,2,8,15,14,16,13,24,11,44,6],
([50,51,53,59,55,57,58,82,67,65,54,63,76,60,86,92,68,62,91,69,71,56,78,83,99,79,74,64,98,100,95,96,89,75,90,80,97,93,81,77,94,
73,84,70,88,87],
,10,1,7,2,8,15,14,16,13,24,11,44,6,3],
([50,51,53,59,55,57,58,82,67,65,54,63,76,60,86,92,68,62,91,69,71,56,78,72,99,79,74,64,98,100,95,96,89,75,90,80,97,93,81,77,94,
73,84,70,88,87,83],
,20,10,1,7,2,8,15,14,16,13,24,11,44,6,3],
([51,55,52,59,54,53,58,82,67,65,56,57,76,60,86,92,68,62,91,69,71,70,78,63,99,79,74,64,98,100,95,96,89,75,90,80,97,93,81,77,94,
73,84,72,88,87,83],
,20,10,1,7,2,8,15,14,16,13,24,11,44,6,3,31],
([51,55,52,59,54,53,58,82,67,65,56,57,76,60,86,92,68,62,91,69,71,70,78,61,99,79,74,64,98,100,95,96,89,75,90,80,97,93,81,77,94,
73,84,72,88,87,83,63],
5,9,20,10,1,7,2,8,15,14,16,13,24,11,44,6,3,31],
([51,55,52,59,54,53,58,82,67,65,56,57,76,60,86,92,68,62,91,69,71,70,78,61,99,79,74,64,98,100,95,96,89,75,90,80,97,93,81,77,94,
73,84,72,88,87,83,63],
5,9,20,10,1,7,2,8,15,14,16,13,24,11,44,6,3,31,21],
([51,55,52,59,54,53,58,82,67,65,56,57,76,60,86,92,68,62,91,69,71,70,78,61,85,79,74,64,98,100,95,96,89,75,90,80,97,93,81,77,94,
73,84,72,88,87,83,63,99],
19,5,9,20,10,1,7,2,8,15,14,16,13,24,11,44,6,3,31,21],
([51,55,52,59,54,53,58,82,67,65,56,57,76,60,86,92,68,62,91,69,71,70,78,61,85,79,74,64,98,100,95,96,89,75,90,80,97,93,81,77,94,
73,84,72,88,87,83,63,99],
19,5,9,20,10,1,7,2,8,15,14,16,13,24,11,44,6,3,31,21,27],
([51,55,52,59,54,53,58,82,67,65,56,57,66,60,86,92,68,62,91,69,71,70,78,61,76,79,74,64,98,100,95,96,89,75,90,80,97,93,81,77,94,
73,84,72,88,87,83,63,99,85],
17,19,5,9,20,10,1,7,2,8,15,14,16,13,24,11,44,6,3,31,21,27],
([51,55,52,59,54,53,58,82,67,65,56,57,66,60,86,92,68,62,91,69,71,70,78,61,76,79,74,64,98,100,95,96,89,75,90,80,97,93,81,77,94,
73,84,72,88,87,83,63,99,85],
17,19,5,9,20,10,1,7,2,8,15,14,16,13,24,11,44,6,3,31,21,27,25],
[78,71,78,71,71,24,71,71,78,71,71,60,60,55,55,55,55,55,55,55,55,46,46,43,46,46,46,43,46,46,46,43,46,46,46,46,50,50,51,50,50,46
,50,46,46,46,50,50,51,51,51,51,51,50,50,48,48,42,42,42,48,48,50,50,50,48,50,48,50,50,50,50,50,50,51,51,51,51,51,51,51,50,51,51
,51,50,50,49,49,49,50,49,50,50,51,50,51,50,51,50]
5159"
